[app/ui]
version = 6.0.2
modtime = 1394605789.213414000

[app/launcher]
version = 6.0.2
modtime = 1394605789.214549000
